serie	1000 6.477183 1
bucle1	1000 14.832319 2.2899336023
bucle2	1000 5.441572 .8401139816
bucle3	1000 4.579085 .7069562493
serie	1100 13.329859 1
bucle1	1100 24.566937 1.8430005148
bucle2	1100 12.506260 .9382139751
bucle3	1100 12.761792 .9573838703
serie	1200 20.760781 1
bucle1	1200 29.140305 1.4036227731
bucle2	1200 14.960882 .7206319453
bucle3	1200 14.469896 .6969822570
serie	1300 29.175754 1
bucle1	1300 45.065340 1.5446161220
bucle2	1300 21.684254 .7432285726
bucle3	1300 19.635910 .6730215095
serie	1400 35.134782 1
bucle1	1400 48.082359 1.3685116645
bucle2	1400 25.724996 .7321803220
bucle3	1400 23.297193 .6630806190
serie	1500 50.169888 1
bucle1	1500 69.777638 1.3908270634
bucle2	1500 42.777149 .8526458938
bucle3	1500 37.128800 .7400614488
serie	1600 53.390647 1
bucle1	1600 74.290936 1.3914597438
bucle2	1600 40.340509 .7555725818
bucle3	1600 42.710103 .7999547748
