serie	1000 6.076640 1
bucle1	1000 14.017277 .4335107310
bucle2	1000 4.625586 1.3137016585
bucle3	1000 4.283488 1.4186195922
serie	1100 14.877778 1
bucle1	1100 27.935680 .5325726096
bucle2	1100 14.653538 1.0153027889
bucle3	1100 12.041491 1.2355428409
serie	1200 25.504517 1
bucle1	1200 34.663115 .7357826034
bucle2	1200 22.922424 1.1126448494
bucle3	1200 14.954291 1.7054982412
serie	1300 31.305842 1
bucle1	1300 48.323280 .6478418269
bucle2	1300 26.526807 1.1801586975
bucle3	1300 23.317335 1.3425994866
serie	1400 42.977706 1
bucle1	1400 51.077044 .8414289989
bucle2	1400 26.532137 1.6198358240
bucle3	1400 25.556544 1.6816712776
serie	1500 53.113614 1
bucle1	1500 67.178413 .7906351404
bucle2	1500 42.769952 1.2418441339
bucle3	1500 35.092060 1.5135507576
serie	1600 50.705762 1
bucle1	1600 76.043788 .6667968986
bucle2	1600 41.024657 1.2359825945
bucle3	1600 36.744824 1.3799429819
